1
1
1
1
1
1
1
1
2
0
2
0
2
0
2
0
2
0
2
0
2
0
2
0
2
0
2
0
2
0
2
0
2
0
2
0
2
0
1
1
1
1
1
1
1
1
2
0
2
0
2
0
2
0
2
0
2
0
2
0
2
0
2
0
2
0
2
0
2
0
2
0
2
0
2
0
1
1
1
1
1
1
1
1
2
0
2
0
2
0
2
0
2
0
2
0
2
0
2
0
2
0
2
0
2
0
2
0
2
0
2
0
2
0
1
1
1
1
1
1
1
1
2
0
2
0
2
0
2
0
2
0
2
0
2
0
2
0
2
0
2
0
2
0
2
0
2
0
2
0
2
0
1
1
1
1
1
1
1
1
2
0
2
0
2
0
2
0
2
0
2
0
2
0
2
0
2
0
2
0
2
0
2
0
2
0
2
0
2
0
1
1
1
1
1
1
1
1
2
0
2
0
2
0
2
0
2
0
2
0
2
0
2
0
2
0
2
0
2
0
2
0
2
0
2
0
2
0
1
1
1
1
1
1
1
1
2
2
2
5
2
6
2
7
2
3
2
6
2
0
2
0
2
0
2
6
2
3
2
7
2
6
2
5
2
0
1
1
1
1
1
1
1
1
2
1
2
2
2
3
2
3
2
6
2
6
2
13
2
13
2
13
2
6
2
6
2
3
2
3
2
2
2
2
2
0
2
0
2
0
2
0
2
0
2
0
2
0
2
0
3
none
3
none
3
none
3
none
3
none
3
none
3
none
3
none
3
none
3
none
3
none
3
none
3
none
3
none
3
none
2
0
2
0
2
0
2
0
2
0
2
0
2
0
2
5
3
none
3
none
3
none
3
none
3
none
3
#983307
3
#983307
3
#983307
3
#983307
3
#983307
3
none
3
none
3
none
3
none
3
none
2
0
2
0
2
0
2
0
2
0
2
0
2
0
2
7
3
none
3
none
3
none
3
none
3
#953600
3
#983307
3
#983307
3
#983307
3
#983307
3
#983307
3
#983305
3
none
3
none
3
none
3
none
2
0
2
0
2
0
2
0
2
0
2
0
2
0
2
9
3
none
3
none
3
none
3
#9b3300
3
#993400
3
#983307
3
#963500
3
#983307
3
#983307
3
#983307
3
#9c3103
3
#993400
3
none
3
none
3
none
2
0
2
0
2
0
2
0
2
0
2
0
2
0
2
11
3
none
3
none
3
#983307
3
#000000
3
#000000
3
#983307
3
#983307
3
#983307
3
#983307
3
#983307
3
#000103
3
#000000
3
#993400
3
none
3
none
2
0
2
0
2
0
2
0
2
0
2
3
2
5
2
3
3
none
3
#983307
3
#983307
3
#983307
3
none
3
#030207
3
#953503
3
#943509
3
#983307
3
#0b0000
3
none
3
#923702
3
#943602
3
#913800
3
none
2
0
2
0
2
0
2
0
2
0
2
3
2
5
2
3
3
none
3
#983307
3
#983307
3
#983307
3
none
3
#040003
3
#020109
3
#030c09
3
#060f0a
3
#00070f
3
none
3
#9a3612
3
#9e3311
3
#9c3610
3
none
2
0
2
0
2
0
2
0
2
0
2
3
2
3
2
1
3
#983307
3
#983307
3
#983307
3
#983307
3
none
3
none
3
#983307
3
#983307
3
#983307
3
none
3
none
3
#983307
3
#983307
3
#983307
3
#983307
2
0
2
0
2
0
2
0
2
0
2
0
2
0
2
1
3
#983307
3
#983307
3
#983307
3
#983307
3
#993408
3
#983307
3
#983307
3
#9d310d
3
#983307
3
#983307
3
#983307
3
#9e3106
3
#a13006
3
#a13006
3
#983307
2
0
2
0
2
0
2
0
2
0
2
0
2
0
2
13
3
none
3
#9b3205
3
#983307
3
#943603
3
#923603
3
#f5c9b0
3
#f5c9b0
3
#f5c9b0
3
#f5c9b0
3
#f5c9b0
3
#983307
3
#923603
3
#983307
3
#983307
3
none
2
0
2
0
2
0
2
0
2
0
2
0
2
0
2
7
3
none
3
none
3
none
3
none
3
#f5c9b0
3
#f5c9b0
3
#f5c9b0
3
#f5c9b0
3
#f5c9b0
3
#f5c9b0
3
#f5c9b0
3
none
3
none
3
none
3
none
2
0
2
0
2
0
2
0
2
0
2
0
2
0
2
11
3
none
3
none
3
#000000
3
#000000
3
#f5c9b0
3
#f5c9b0
3
#f5c9b0
3
#f5c9b0
3
#f5c9b0
3
#f5c9b0
3
#f5c9b0
3
#000000
3
#000000
3
none
3
none
2
0
2
0
2
0
2
0
2
0
2
0
2
0
2
13
3
none
3
#000000
3
#000000
3
#000000
3
#000000
3
#02000e
3
#f5c9b0
3
#f5c9b0
3
#f5c9b0
3
#030301
3
#000000
3
#000000
3
#000000
3
#000000
3
none
2
0
2
0
2
0
2
0
2
0
2
0
2
0
2
0
3
#e9e9e9
3
#000000
3
#000000
3
#000000
3
#000000
3
#000000
3
#020100
3
#f5c9b0
3
#f5c9b0
3
#000000
3
#000000
3
#000000
3
#000000
3
#000000
3
none
2
0
2
0
2
0
2
0
2
0
2
0
2
0
2
0
3
none
3
none
3
none
3
none
3
none
3
none
3
none
3
none
3
none
3
none
3
none
3
none
3
none
3
none
3
none
